t # 0
v 1 0
v 2 0
v 3 0
v 4 0
v 5 0
v 6 0
v 7 0
v 8 0
v 9 0
v 10 0
v 11 0
v 12 0
v 13 0
v 14 0
v 15 1
v 16 2
v 17 2
e 2 1 0
e 1 2 0
e 3 2 0
e 2 3 0
e 4 3 0
e 3 4 0
e 5 4 0
e 4 5 0
e 6 5 0
e 5 6 0
e 6 1 0
e 1 6 0
e 7 5 0
e 5 7 0
e 8 7 0
e 7 8 0
e 9 8 0
e 8 9 0
e 10 9 0
e 9 10 0
e 10 4 0
e 4 10 0
e 11 10 0
e 10 11 0
e 12 11 0
e 11 12 0
e 13 12 0
e 12 13 0
e 14 13 0
e 13 14 0
e 14 9 0
e 9 14 0
e 15 13 1
e 13 15 1
e 16 15 2
e 15 16 2
e 17 15 1
e 15 17 1
t # 1
v 18 0
v 19 0
v 20 0
v 21 0
v 22 0
v 23 0
v 24 1
v 25 0
v 26 0
v 27 0
v 28 1
v 29 2
v 30 2
e 19 18 0
e 18 19 0
e 20 19 0
e 19 20 0
e 21 20 0
e 20 21 0
e 22 21 0
e 21 22 0
e 23 22 0
e 22 23 0
e 24 23 0
e 23 24 0
e 25 24 0
e 24 25 0
e 25 20 0
e 20 25 0
e 26 25 0
e 25 26 0
e 27 26 0
e 26 27 0
e 27 18 0
e 18 27 0
e 28 26 1
e 26 28 1
e 29 28 2
e 28 29 2
e 30 28 1
e 28 30 1
t # 2
v 31 0
v 32 0
v 33 0
v 34 0
v 35 0
v 36 0
v 37 0
v 38 1
v 39 0
v 40 0
v 41 1
v 42 2
v 43 2
e 32 31 0
e 31 32 0
e 33 32 0
e 32 33 0
e 34 33 0
e 33 34 0
e 35 34 0
e 34 35 0
e 36 35 0
e 35 36 0
e 37 36 0
e 36 37 0
e 38 37 0
e 37 38 0
e 38 33 0
e 33 38 0
e 39 34 0
e 34 39 0
e 40 39 0
e 39 40 0
e 40 31 0
e 31 40 0
e 41 39 1
e 39 41 1
e 42 41 2
e 41 42 2
e 43 41 1
e 41 43 1
t # 3
v 44 0
v 45 0
v 46 0
v 47 0
v 48 0
v 49 0
v 50 0
v 51 0
v 52 0
v 53 0
v 54 0
v 55 0
v 56 0
v 57 0
v 58 0
v 59 0
v 60 1
v 61 2
v 62 2
e 45 44 0
e 44 45 0
e 46 45 0
e 45 46 0
e 47 46 0
e 46 47 0
e 48 47 0
e 47 48 0
e 49 48 0
e 48 49 0
e 49 44 0
e 44 49 0
e 50 48 1
e 48 50 1
e 51 50 0
e 50 51 0
e 52 51 0
e 51 52 0
e 53 52 0
e 52 53 0
e 54 53 0
e 53 54 0
e 55 54 0
e 54 55 0
e 55 50 0
e 50 55 0
e 56 55 0
e 55 56 0
e 56 47 1
e 47 56 1
e 57 56 0
e 56 57 0
e 58 57 0
e 57 58 0
e 59 58 0
e 58 59 0
e 59 54 0
e 54 59 0
e 60 57 1
e 57 60 1
e 61 60 2
e 60 61 2
e 62 60 1
e 60 62 1
t # 5
v 74 0
v 75 0
v 76 0
v 77 0
v 78 0
v 79 0
v 80 0
v 81 0
v 82 0
v 83 0
v 84 0
v 85 0
v 86 0
v 87 0
v 88 0
v 89 0
v 90 1
v 91 2
v 92 2
v 93 1
v 94 2
v 95 2
v 96 1
v 97 2
v 98 2
v 99 1
v 100 2
v 101 2
e 75 74 0
e 74 75 0
e 76 75 0
e 75 76 0
e 77 76 0
e 76 77 0
e 78 77 0
e 77 78 0
e 79 78 0
e 78 79 0
e 80 79 0
e 79 80 0
e 81 80 0
e 80 81 0
e 81 76 0
e 76 81 0
e 82 81 0
e 81 82 0
e 83 82 0
e 82 83 0
e 83 74 0
e 74 83 0
e 84 83 0
e 83 84 0
e 85 84 0
e 84 85 0
e 86 85 0
e 85 86 0
e 87 86 0
e 86 87 0
e 87 82 0
e 82 87 0
e 88 87 0
e 87 88 0
e 89 88 0
e 88 89 0
e 89 80 0
e 80 89 0
e 90 86 1
e 86 90 1
e 91 90 2
e 90 91 2
e 92 90 1
e 90 92 1
e 93 84 1
e 84 93 1
e 94 93 2
e 93 94 2
e 95 93 1
e 93 95 1
e 96 79 1
e 79 96 1
e 97 96 2
e 96 97 2
e 98 96 1
e 96 98 1
e 99 77 1
e 77 99 1
e 100 99 2
e 99 100 2
e 101 99 1
e 99 101 1
t # 6
v 102 0
v 103 0
v 104 0
v 105 0
v 106 0
v 107 0
v 108 0
v 109 1
v 110 2
v 111 2
v 112 0
v 113 0
v 114 0
v 115 0
v 116 0
v 117 0
e 103 102 1
e 102 103 1
e 104 103 0
e 103 104 0
e 105 104 0
e 104 105 0
e 106 105 0
e 105 106 0
e 107 106 0
e 106 107 0
e 108 107 0
e 107 108 0
e 108 103 0
e 103 108 0
e 109 108 1
e 108 109 1
e 110 109 2
e 109 110 2
e 111 109 1
e 109 111 1
e 112 105 1
e 105 112 1
e 113 112 0
e 112 113 0
e 114 113 0
e 113 114 0
e 115 114 0
e 114 115 0
e 116 115 0
e 115 116 0
e 117 116 0
e 116 117 0
e 117 112 0
e 112 117 0
t # 7
v 118 0
v 119 0
v 120 2
v 121 2
v 122 0
v 123 0
v 124 0
v 125 0
v 126 0
v 127 0
v 128 0
v 129 0
v 130 0
v 131 0
v 132 0
v 133 0
v 134 0
v 135 1
v 136 2
v 137 2
e 119 118 1
e 118 119 1
e 120 119 2
e 119 120 2
e 121 119 1
e 119 121 1
e 122 121 1
e 121 122 1
e 123 122 0
e 122 123 0
e 124 123 0
e 123 124 0
e 125 124 0
e 124 125 0
e 126 125 0
e 125 126 0
e 127 126 0
e 126 127 0
e 127 122 0
e 122 127 0
e 128 126 1
e 126 128 1
e 129 128 1
e 128 129 1
e 130 129 0
e 129 130 0
e 130 125 1
e 125 130 1
e 131 130 0
e 130 131 0
e 132 131 0
e 131 132 0
e 133 132 0
e 132 133 0
e 134 133 0
e 133 134 0
e 134 129 0
e 129 134 0
e 135 133 1
e 133 135 1
e 136 135 2
e 135 136 2
e 137 135 1
e 135 137 1
t # 8
v 138 0
v 139 0
v 140 0
v 141 1
v 142 0
v 143 1
v 144 0
v 145 0
v 146 0
v 147 1
v 148 2
v 149 2
e 139 138 2
e 138 139 2
e 140 139 1
e 139 140 1
e 141 140 2
e 140 141 2
e 142 141 1
e 141 142 1
e 143 142 2
e 142 143 2
e 144 143 1
e 143 144 1
e 144 140 1
e 140 144 1
e 145 144 1
e 144 145 1
e 146 145 2
e 145 146 2
e 146 138 1
e 138 146 1
e 147 146 1
e 146 147 1
e 148 147 2
e 147 148 2
e 149 147 1
e 147 149 1
t # 9
v 150 0
v 151 0
v 152 0
v 153 0
v 154 0
v 155 0
v 156 0
v 157 0
v 158 0
v 159 0
v 160 0
v 161 0
v 162 0
v 163 0
v 164 1
v 165 2
v 166 2
e 151 150 1
e 150 151 1
e 152 151 0
e 151 152 0
e 153 152 0
e 152 153 0
e 154 153 0
e 153 154 0
e 155 154 0
e 154 155 0
e 156 155 0
e 155 156 0
e 156 151 0
e 151 156 0
e 157 155 1
e 155 157 1
e 158 157 1
e 157 158 1
e 159 158 0
e 158 159 0
e 159 154 1
e 154 159 1
e 160 159 0
e 159 160 0
e 161 160 0
e 160 161 0
e 162 161 0
e 161 162 0
e 163 162 0
e 162 163 0
e 163 158 0
e 158 163 0
e 164 162 1
e 162 164 1
e 165 164 2
e 164 165 2
e 166 164 1
e 164 166 1
t # 10
v 167 0
v 168 0
v 169 0
v 170 0
v 171 0
v 172 0
v 173 0
v 174 0
v 175 0
v 176 0
v 177 0
v 178 0
v 179 0
v 180 0
v 181 1
v 182 2
v 183 2
e 168 167 0
e 167 168 0
e 169 168 0
e 168 169 0
e 170 169 0
e 169 170 0
e 171 170 0
e 170 171 0
e 172 171 0
e 171 172 0
e 172 167 0
e 167 172 0
e 173 171 0
e 171 173 0
e 174 173 0
e 173 174 0
e 175 174 0
e 174 175 0
e 176 175 0
e 175 176 0
e 176 170 0
e 170 176 0
e 177 176 0
e 176 177 0
e 178 177 0
e 177 178 0
e 179 178 0
e 178 179 0
e 180 179 0
e 179 180 0
e 180 175 0
e 175 180 0
e 181 174 1
e 174 181 1
e 182 181 2
e 181 182 2
e 183 181 1
e 181 183 1
t # 155
v 2760 0
v 2761 0
v 2762 0
v 2763 0
v 2764 0
v 2765 0
v 2766 1
v 2767 2
v 2768 2
v 2769 1
v 2770 0
v 2771 0
e 2761 2760 0
e 2760 2761 0
e 2762 2761 0
e 2761 2762 0
e 2763 2762 0
e 2762 2763 0
e 2764 2763 0
e 2763 2764 0
e 2765 2764 0
e 2764 2765 0
e 2765 2760 0
e 2760 2765 0
e 2766 2765 1
e 2765 2766 1
e 2767 2766 2
e 2766 2767 2
e 2768 2766 1
e 2766 2768 1
e 2769 2763 1
e 2763 2769 1
e 2770 2769 1
e 2769 2770 1
e 2771 2770 1
e 2770 2771 1
e 2771 2762 1
e 2762 2771 1
t # 156
v 2772 0
v 2773 0
v 2774 0
v 2775 0
v 2776 0
v 2777 0
v 2778 0
v 2779 0
v 2780 0
v 2781 0
v 2782 0
v 2783 0
v 2784 0
v 2785 0
v 2786 0
v 2787 0
v 2788 2
v 2789 1
v 2790 2
v 2791 2
e 2773 2772 0
e 2772 2773 0
e 2774 2773 0
e 2773 2774 0
e 2775 2774 0
e 2774 2775 0
e 2776 2775 0
e 2775 2776 0
e 2777 2776 0
e 2776 2777 0
e 2778 2777 0
e 2777 2778 0
e 2779 2778 0
e 2778 2779 0
e 2779 2774 0
e 2774 2779 0
e 2780 2779 0
e 2779 2780 0
e 2781 2780 0
e 2780 2781 0
e 2781 2772 0
e 2772 2781 0
e 2782 2781 0
e 2781 2782 0
e 2783 2782 0
e 2782 2783 0
e 2784 2783 0
e 2783 2784 0
e 2785 2784 0
e 2784 2785 0
e 2785 2780 0
e 2780 2785 0
e 2786 2785 0
e 2785 2786 0
e 2787 2786 0
e 2786 2787 0
e 2787 2778 0
e 2778 2787 0
e 2788 2784 1
e 2784 2788 1
e 2789 2775 1
e 2775 2789 1
e 2790 2789 2
e 2789 2790 2
e 2791 2789 1
e 2789 2791 1
t # 157
v 2792 0
v 2793 0
v 2794 2
v 2795 1
v 2796 0
v 2797 0
v 2798 0
v 2799 0
v 2800 0
v 2801 0
v 2802 0
v 2803 0
v 2804 0
v 2805 0
v 2806 0
v 2807 0
v 2808 0
v 2809 1
v 2810 2
v 2811 2
e 2793 2792 1
e 2792 2793 1
e 2794 2793 2
e 2793 2794 2
e 2795 2793 1
e 2793 2795 1
e 2796 2795 1
e 2795 2796 1
e 2797 2796 0
e 2796 2797 0
e 2798 2797 0
e 2797 2798 0
e 2799 2798 0
e 2798 2799 0
e 2800 2799 0
e 2799 2800 0
e 2801 2800 0
e 2800 2801 0
e 2801 2796 0
e 2796 2801 0
e 2802 2800 1
e 2800 2802 1
e 2803 2802 1
e 2802 2803 1
e 2804 2803 0
e 2803 2804 0
e 2804 2799 1
e 2799 2804 1
e 2805 2804 0
e 2804 2805 0
e 2806 2805 0
e 2805 2806 0
e 2807 2806 0
e 2806 2807 0
e 2808 2807 0
e 2807 2808 0
e 2808 2803 0
e 2803 2808 0
e 2809 2807 1
e 2807 2809 1
e 2810 2809 2
e 2809 2810 2
e 2811 2809 1
e 2809 2811 1
t # 158
v 2812 0
v 2813 0
v 2814 0
v 2815 0
v 2816 0
v 2817 0
v 2818 0
v 2819 0
v 2820 0
v 2821 0
v 2822 0
v 2823 0
v 2824 0
v 2825 0
v 2826 0
v 2827 0
v 2828 1
v 2829 2
v 2830 2
v 2831 2
e 2813 2812 0
e 2812 2813 0
e 2814 2813 0
e 2813 2814 0
e 2815 2814 0
e 2814 2815 0
e 2816 2815 0
e 2815 2816 0
e 2817 2816 0
e 2816 2817 0
e 2818 2817 0
e 2817 2818 0
e 2819 2818 0
e 2818 2819 0
e 2819 2814 0
e 2814 2819 0
e 2820 2819 0
e 2819 2820 0
e 2821 2820 0
e 2820 2821 0
e 2821 2812 0
e 2812 2821 0
e 2822 2821 0
e 2821 2822 0
e 2823 2822 0
e 2822 2823 0
e 2824 2823 0
e 2823 2824 0
e 2825 2824 0
e 2824 2825 0
e 2825 2820 0
e 2820 2825 0
e 2826 2825 0
e 2825 2826 0
e 2827 2826 0
e 2826 2827 0
e 2827 2818 0
e 2818 2827 0
e 2828 2824 1
e 2824 2828 1
e 2829 2828 2
e 2828 2829 2
e 2830 2828 1
e 2828 2830 1
e 2831 2817 1
e 2817 2831 1
t # 160
v 2846 0
v 2847 0
v 2848 0
v 2849 0
v 2850 0
v 2851 0
v 2852 0
v 2853 0
v 2854 0
v 2855 0
v 2856 0
v 2857 0
v 2858 0
v 2859 0
v 2860 0
v 2861 0
v 2862 0
v 2863 0
v 2864 0
v 2865 0
v 2866 1
v 2867 2
v 2868 2
v 2869 1
v 2870 2
v 2871 2
e 2847 2846 0
e 2846 2847 0
e 2848 2847 0
e 2847 2848 0
e 2849 2848 0
e 2848 2849 0
e 2850 2849 0
e 2849 2850 0
e 2851 2850 0
e 2850 2851 0
e 2851 2846 0
e 2846 2851 0
e 2852 2850 0
e 2850 2852 0
e 2853 2852 0
e 2852 2853 0
e 2854 2853 0
e 2853 2854 0
e 2855 2854 0
e 2854 2855 0
e 2856 2855 0
e 2855 2856 0
e 2857 2856 0
e 2856 2857 0
e 2857 2852 0
e 2852 2857 0
e 2858 2857 0
e 2857 2858 0
e 2859 2858 0
e 2858 2859 0
e 2859 2849 0
e 2849 2859 0
e 2860 2859 0
e 2859 2860 0
e 2861 2860 0
e 2860 2861 0
e 2862 2861 0
e 2861 2862 0
e 2863 2862 0
e 2862 2863 0
e 2863 2858 0
e 2858 2863 0
e 2864 2863 0
e 2863 2864 0
e 2865 2864 0
e 2864 2865 0
e 2865 2856 0
e 2856 2865 0
e 2866 2860 1
e 2860 2866 1
e 2867 2866 2
e 2866 2867 2
e 2868 2866 1
e 2866 2868 1
e 2869 2855 1
e 2855 2869 1
e 2870 2869 2
e 2869 2870 2
e 2871 2869 1
e 2869 2871 1
t # 161
v 2872 0
v 2873 0
v 2874 0
v 2875 0
v 2876 0
v 2877 0
v 2878 0
v 2879 0
v 2880 0
v 2881 0
v 2882 0
v 2883 0
v 2884 1
v 2885 2
v 2886 2
v 2887 1
v 2888 2
v 2889 2
v 2890 1
v 2891 2
v 2892 2
v 2893 1
v 2894 2
v 2895 2
e 2873 2872 0
e 2872 2873 0
e 2874 2873 0
e 2873 2874 0
e 2875 2874 0
e 2874 2875 0
e 2876 2875 0
e 2875 2876 0
e 2877 2876 0
e 2876 2877 0
e 2877 2872 0
e 2872 2877 0
e 2878 2877 1
e 2877 2878 1
e 2879 2878 0
e 2878 2879 0
e 2880 2879 0
e 2879 2880 0
e 2881 2880 0
e 2880 2881 0
e 2882 2881 0
e 2881 2882 0
e 2883 2882 0
e 2882 2883 0
e 2883 2878 0
e 2878 2883 0
e 2884 2882 1
e 2882 2884 1
e 2885 2884 2
e 2884 2885 2
e 2886 2884 1
e 2884 2886 1
e 2887 2881 1
e 2881 2887 1
e 2888 2887 2
e 2887 2888 2
e 2889 2887 1
e 2887 2889 1
e 2890 2875 1
e 2875 2890 1
e 2891 2890 2
e 2890 2891 2
e 2892 2890 1
e 2890 2892 1
e 2893 2874 1
e 2874 2893 1
e 2894 2893 2
e 2893 2894 2
e 2895 2893 1
e 2893 2895 1
t # 162
v 2896 0
v 2897 0
v 2898 0
v 2899 0
v 2900 0
v 2901 0
v 2902 0
v 2903 0
v 2904 0
v 2905 0
v 2906 0
v 2907 0
v 2908 0
v 2909 0
v 2910 0
v 2911 0
v 2912 1
v 2913 2
v 2914 2
v 2915 1
v 2916 2
v 2917 2
e 2897 2896 0
e 2896 2897 0
e 2898 2897 0
e 2897 2898 0
e 2899 2898 0
e 2898 2899 0
e 2900 2899 0
e 2899 2900 0
e 2901 2900 0
e 2900 2901 0
e 2902 2901 0
e 2901 2902 0
e 2903 2902 0
e 2902 2903 0
e 2903 2898 0
e 2898 2903 0
e 2904 2903 0
e 2903 2904 0
e 2905 2904 0
e 2904 2905 0
e 2905 2896 0
e 2896 2905 0
e 2906 2905 0
e 2905 2906 0
e 2907 2906 0
e 2906 2907 0
e 2908 2907 0
e 2907 2908 0
e 2909 2908 0
e 2908 2909 0
e 2909 2904 0
e 2904 2909 0
e 2910 2909 0
e 2909 2910 0
e 2911 2910 0
e 2910 2911 0
e 2911 2902 0
e 2902 2911 0
e 2912 2907 1
e 2907 2912 1
e 2913 2912 2
e 2912 2913 2
e 2914 2912 1
e 2912 2914 1
e 2915 2900 1
e 2900 2915 1
e 2916 2915 2
e 2915 2916 2
e 2917 2915 1
e 2915 2917 1
t # 163
v 2918 0
v 2919 0
v 2920 0
v 2921 0
v 2922 0
v 2923 0
v 2924 0
v 2925 0
v 2926 0
v 2927 0
v 2928 0
v 2929 0
v 2930 0
v 2931 0
v 2932 0
v 2933 0
v 2934 1
v 2935 2
v 2936 2
v 2937 1
v 2938 2
v 2939 2
e 2919 2918 0
e 2918 2919 0
e 2920 2919 0
e 2919 2920 0
e 2921 2920 0
e 2920 2921 0
e 2922 2921 0
e 2921 2922 0
e 2923 2922 0
e 2922 2923 0
e 2924 2923 0
e 2923 2924 0
e 2925 2924 0
e 2924 2925 0
e 2926 2925 0
e 2925 2926 0
e 2927 2926 0
e 2926 2927 0
e 2928 2927 0
e 2927 2928 0
e 2928 2923 0
e 2923 2928 0
e 2929 2928 0
e 2928 2929 0
e 2929 2920 0
e 2920 2929 0
e 2930 2929 0
e 2929 2930 0
e 2931 2930 0
e 2930 2931 0
e 2931 2918 0
e 2918 2931 0
e 2932 2930 0
e 2930 2932 0
e 2933 2932 0
e 2932 2933 0
e 2933 2927 0
e 2927 2933 0
e 2934 2926 1
e 2926 2934 1
e 2935 2934 2
e 2934 2935 2
e 2936 2934 1
e 2934 2936 1
e 2937 2924 1
e 2924 2937 1
e 2938 2937 2
e 2937 2938 2
e 2939 2937 1
e 2937 2939 1
t # 164
v 2940 0
v 2941 0
v 2942 0
v 2943 0
v 2944 0
v 2945 0
v 2946 0
v 2947 0
v 2948 0
v 2949 0
v 2950 0
v 2951 0
v 2952 0
v 2953 0
v 2954 0
v 2955 0
v 2956 1
v 2957 2
v 2958 2
e 2941 2940 0
e 2940 2941 0
e 2942 2941 0
e 2941 2942 0
e 2943 2942 0
e 2942 2943 0
e 2944 2943 0
e 2943 2944 0
e 2945 2944 0
e 2944 2945 0
e 2946 2945 0
e 2945 2946 0
e 2947 2946 0
e 2946 2947 0
e 2947 2942 0
e 2942 2947 0
e 2948 2947 0
e 2947 2948 0
e 2949 2948 0
e 2948 2949 0
e 2949 2940 0
e 2940 2949 0
e 2950 2948 1
e 2948 2950 1
e 2951 2950 0
e 2950 2951 0
e 2951 2946 1
e 2946 2951 1
e 2952 2951 0
e 2951 2952 0
e 2953 2952 0
e 2952 2953 0
e 2954 2953 0
e 2953 2954 0
e 2955 2954 0
e 2954 2955 0
e 2955 2950 0
e 2950 2955 0
e 2956 2953 1
e 2953 2956 1
e 2957 2956 2
e 2956 2957 2
e 2958 2956 1
e 2956 2958 1
t # 165
v 2959 0
v 2960 0
v 2961 2
v 2962 2
v 2963 0
v 2964 0
v 2965 0
v 2966 0
v 2967 0
v 2968 0
v 2969 0
v 2970 0
v 2971 0
v 2972 0
v 2973 0
v 2974 0
v 2975 0
v 2976 0
v 2977 0
v 2978 0
v 2979 1
v 2980 2
v 2981 2
e 2960 2959 1
e 2959 2960 1
e 2961 2960 2
e 2960 2961 2
e 2962 2960 1
e 2960 2962 1
e 2963 2962 1
e 2962 2963 1
e 2964 2963 0
e 2963 2964 0
e 2965 2964 0
e 2964 2965 0
e 2966 2965 0
e 2965 2966 0
e 2967 2966 0
e 2966 2967 0
e 2968 2967 0
e 2967 2968 0
e 2969 2968 0
e 2968 2969 0
e 2970 2969 0
e 2969 2970 0
e 2971 2970 0
e 2970 2971 0
e 2972 2971 0
e 2971 2972 0
e 2973 2972 0
e 2972 2973 0
e 2974 2973 0
e 2973 2974 0
e 2974 2969 0
e 2969 2974 0
e 2975 2974 0
e 2974 2975 0
e 2975 2966 0
e 2966 2975 0
e 2976 2975 0
e 2975 2976 0
e 2976 2963 0
e 2963 2976 0
e 2977 2976 0
e 2976 2977 0
e 2978 2977 0
e 2977 2978 0
e 2978 2973 0
e 2973 2978 0
e 2979 2965 1
e 2965 2979 1
e 2980 2979 2
e 2979 2980 2
e 2981 2979 1
e 2979 2981 1
t # 166
v 2982 0
v 2983 0
v 2984 0
v 2985 0
v 2986 0
v 2987 0
v 2988 0
v 2989 0
v 2990 0
v 2991 0
v 2992 0
v 2993 0
v 2994 0
v 2995 0
v 2996 0
v 2997 0
v 2998 1
v 2999 2
v 3000 2
v 3001 1
v 3002 2
v 3003 2
e 2983 2982 0
e 2982 2983 0
e 2984 2983 0
e 2983 2984 0
e 2985 2984 0
e 2984 2985 0
e 2986 2985 0
e 2985 2986 0
e 2987 2986 0
e 2986 2987 0
e 2988 2987 0
e 2987 2988 0
e 2989 2988 0
e 2988 2989 0
e 2989 2984 0
e 2984 2989 0
e 2990 2989 0
e 2989 2990 0
e 2991 2990 0
e 2990 2991 0
e 2991 2982 0
e 2982 2991 0
e 2992 2991 0
e 2991 2992 0
e 2993 2992 0
e 2992 2993 0
e 2994 2993 0
e 2993 2994 0
e 2995 2994 0
e 2994 2995 0
e 2995 2990 0
e 2990 2995 0
e 2996 2995 0
e 2995 2996 0
e 2997 2996 0
e 2996 2997 0
e 2997 2988 0
e 2988 2997 0
e 2998 2994 1
e 2994 2998 1
e 2999 2998 2
e 2998 2999 2
e 3000 2998 1
e 2998 3000 1
e 3001 2985 1
e 2985 3001 1
e 3002 3001 2
e 3001 3002 2
e 3003 3001 1
e 3001 3003 1
t # 167
v 3004 0
v 3005 2
v 3006 0
v 3007 0
v 3008 0
v 3009 0
v 3010 0
v 3011 0
v 3012 1
v 3013 2
v 3014 2
e 3005 3004 1
e 3004 3005 1
e 3006 3005 1
e 3005 3006 1
e 3007 3006 0
e 3006 3007 0
e 3008 3007 0
e 3007 3008 0
e 3009 3008 0
e 3008 3009 0
e 3010 3009 0
e 3009 3010 0
e 3011 3010 0
e 3010 3011 0
e 3011 3006 0
e 3006 3011 0
e 3012 3009 1
e 3009 3012 1
e 3013 3012 2
e 3012 3013 2
e 3014 3012 1
e 3012 3014 1
t # 169
v 3028 0
v 3029 0
v 3030 0
v 3031 0
v 3032 0
v 3033 0
v 3034 1
v 3035 0
v 3036 0
v 3037 0
v 3038 0
v 3039 0
v 3040 0
v 3041 1
v 3042 1
v 3043 2
v 3044 2
e 3029 3028 0
e 3028 3029 0
e 3030 3029 0
e 3029 3030 0
e 3031 3030 0
e 3030 3031 0
e 3032 3031 0
e 3031 3032 0
e 3033 3032 0
e 3032 3033 0
e 3033 3028 0
e 3028 3033 0
e 3034 3032 0
e 3032 3034 0
e 3035 3034 0
e 3034 3035 0
e 3036 3035 0
e 3035 3036 0
e 3037 3036 0
e 3036 3037 0
e 3038 3037 0
e 3037 3038 0
e 3039 3038 0
e 3038 3039 0
e 3040 3039 0
e 3039 3040 0
e 3040 3035 0
e 3035 3040 0
e 3041 3040 0
e 3040 3041 0
e 3041 3031 0
e 3031 3041 0
e 3042 3039 1
e 3039 3042 1
e 3043 3042 2
e 3042 3043 2
e 3044 3042 1
e 3042 3044 1
t # 170
v 3045 0
v 3046 0
v 3047 0
v 3048 0
v 3049 0
v 3050 0
v 3051 1
v 3052 2
v 3053 2
v 3054 1
v 3055 2
v 3056 2
v 3057 0
v 3058 0
v 3059 0
v 3060 0
v 3061 0
v 3062 0
v 3063 1
v 3064 2
v 3065 2
v 3066 1
v 3067 2
v 3068 2
e 3046 3045 0
e 3045 3046 0
e 3047 3046 0
e 3046 3047 0
e 3048 3047 0
e 3047 3048 0
e 3049 3048 0
e 3048 3049 0
e 3050 3049 0
e 3049 3050 0
e 3050 3045 0
e 3045 3050 0
e 3051 3050 1
e 3050 3051 1
e 3052 3051 2
e 3051 3052 2
e 3053 3051 1
e 3051 3053 1
e 3054 3048 1
e 3048 3054 1
e 3055 3054 2
e 3054 3055 2
e 3056 3054 1
e 3054 3056 1
e 3057 3047 1
e 3047 3057 1
e 3058 3057 0
e 3057 3058 0
e 3059 3058 0
e 3058 3059 0
e 3060 3059 0
e 3059 3060 0
e 3061 3060 0
e 3060 3061 0
e 3062 3061 0
e 3061 3062 0
e 3062 3057 0
e 3057 3062 0
e 3063 3062 1
e 3062 3063 1
e 3064 3063 2
e 3063 3064 2
e 3065 3063 1
e 3063 3065 1
e 3066 3060 1
e 3060 3066 1
e 3067 3066 2
e 3066 3067 2
e 3068 3066 1
e 3066 3068 1
t # 171
v 3069 0
v 3070 0
v 3071 0
v 3072 0
v 3073 0
v 3074 1
v 3075 1
v 3076 0
v 3077 0
v 3078 1
v 3079 2
v 3080 2
e 3070 3069 2
e 3069 3070 2
e 3071 3070 1
e 3070 3071 1
e 3072 3071 2
e 3071 3072 2
e 3073 3072 1
e 3072 3073 1
e 3074 3073 2
e 3073 3074 2
e 3075 3074 1
e 3074 3075 1
e 3076 3075 2
e 3075 3076 2
e 3077 3076 1
e 3076 3077 1
e 3077 3073 1
e 3073 3077 1
e 3077 3069 1
e 3069 3077 1
e 3078 3071 1
e 3071 3078 1
e 3079 3078 2
e 3078 3079 2
e 3080 3078 1
e 3078 3080 1
t # 172
v 3081 0
v 3082 0
v 3083 0
v 3084 0
v 3085 0
v 3086 0
v 3087 0
v 3088 0
v 3089 0
v 3090 0
v 3091 0
v 3092 0
v 3093 1
v 3094 2
v 3095 2
v 3096 1
v 3097 2
v 3098 2
v 3099 1
v 3100 2
v 3101 2
e 3082 3081 0
e 3081 3082 0
e 3083 3082 0
e 3082 3083 0
e 3084 3083 0
e 3083 3084 0
e 3085 3084 0
e 3084 3085 0
e 3086 3085 0
e 3085 3086 0
e 3086 3081 0
e 3081 3086 0
e 3087 3086 1
e 3086 3087 1
e 3088 3087 0
e 3087 3088 0
e 3089 3088 0
e 3088 3089 0
e 3090 3089 0
e 3089 3090 0
e 3091 3090 0
e 3090 3091 0
e 3092 3091 0
e 3091 3092 0
e 3092 3087 0
e 3087 3092 0
e 3093 3091 1
e 3091 3093 1
e 3094 3093 2
e 3093 3094 2
e 3095 3093 1
e 3093 3095 1
e 3096 3090 1
e 3090 3096 1
e 3097 3096 2
e 3096 3097 2
e 3098 3096 1
e 3096 3098 1
e 3099 3083 1
e 3083 3099 1
e 3100 3099 2
e 3099 3100 2
e 3101 3099 1
e 3099 3101 1
t # 173
v 3102 0
v 3103 0
v 3104 0
v 3105 0
v 3106 0
v 3107 0
v 3108 0
v 3109 0
v 3110 0
v 3111 0
v 3112 0
v 3113 0
v 3114 0
v 3115 0
v 3116 0
v 3117 0
v 3118 1
v 3119 2
v 3120 2
v 3121 1
v 3122 2
v 3123 2
e 3103 3102 0
e 3102 3103 0
e 3104 3103 0
e 3103 3104 0
e 3105 3104 0
e 3104 3105 0
e 3106 3105 0
e 3105 3106 0
e 3107 3106 0
e 3106 3107 0
e 3108 3107 0
e 3107 3108 0
e 3109 3108 0
e 3108 3109 0
e 3109 3104 0
e 3104 3109 0
e 3110 3109 0
e 3109 3110 0
e 3111 3110 0
e 3110 3111 0
e 3111 3102 0
e 3102 3111 0
e 3112 3110 1
e 3110 3112 1
e 3113 3112 0
e 3112 3113 0
e 3113 3108 1
e 3108 3113 1
e 3114 3113 0
e 3113 3114 0
e 3115 3114 0
e 3114 3115 0
e 3116 3115 0
e 3115 3116 0
e 3117 3116 0
e 3116 3117 0
e 3117 3112 0
e 3112 3117 0
e 3118 3115 1
e 3115 3118 1
e 3119 3118 2
e 3118 3119 2
e 3120 3118 1
e 3118 3120 1
e 3121 3105 1
e 3105 3121 1
e 3122 3121 2
e 3121 3122 2
e 3123 3121 1
e 3121 3123 1
t # 175
v 3146 0
v 3147 0
v 3148 0
v 3149 0
v 3150 0
v 3151 0
v 3152 1
v 3153 2
v 3154 2
v 3155 0
v 3156 0
v 3157 0
e 3147 3146 0
e 3146 3147 0
e 3148 3147 0
e 3147 3148 0
e 3149 3148 0
e 3148 3149 0
e 3150 3149 0
e 3149 3150 0
e 3151 3150 0
e 3150 3151 0
e 3151 3146 0
e 3146 3151 0
e 3152 3151 1
e 3151 3152 1
e 3153 3152 2
e 3152 3153 2
e 3154 3152 1
e 3152 3154 1
e 3155 3149 1
e 3149 3155 1
e 3156 3155 1
e 3155 3156 1
e 3157 3156 2
e 3156 3157 2
e 3157 3148 1
e 3148 3157 1
t # 176
v 3158 0
v 3159 0
v 3160 0
v 3161 0
v 3162 0
v 3163 0
v 3164 1
v 3165 2
v 3166 2
v 3167 1
v 3168 0
v 3169 0
v 3170 1
v 3171 0
v 3172 0
v 3173 0
v 3174 0
v 3175 1
v 3176 2
v 3177 2
e 3159 3158 0
e 3158 3159 0
e 3160 3159 0
e 3159 3160 0
e 3161 3160 0
e 3160 3161 0
e 3162 3161 0
e 3161 3162 0
e 3163 3162 0
e 3162 3163 0
e 3163 3158 0
e 3158 3163 0
e 3164 3162 1
e 3162 3164 1
e 3165 3164 2
e 3164 3165 2
e 3166 3164 1
e 3164 3166 1
e 3167 3161 0
e 3161 3167 0
e 3168 3167 0
e 3167 3168 0
e 3169 3168 0
e 3168 3169 0
e 3170 3169 0
e 3169 3170 0
e 3170 3160 0
e 3160 3170 0
e 3171 3169 0
e 3169 3171 0
e 3172 3171 0
e 3171 3172 0
e 3173 3172 0
e 3172 3173 0
e 3174 3173 0
e 3173 3174 0
e 3174 3168 0
e 3168 3174 0
e 3175 3174 1
e 3174 3175 1
e 3176 3175 2
e 3175 3176 2
e 3177 3175 1
e 3175 3177 1
t # 177
v 3178 0
v 3179 1
v 3180 1
v 3181 0
v 3182 0
v 3183 0
v 3184 0
v 3185 0
v 3186 0
v 3187 0
v 3188 1
v 3189 2
v 3190 2
e 3179 3178 1
e 3178 3179 1
e 3180 3179 2
e 3179 3180 2
e 3181 3180 1
e 3180 3181 1
e 3182 3181 1
e 3181 3182 1
e 3183 3182 2
e 3182 3183 2
e 3183 3179 1
e 3179 3183 1
e 3184 3182 1
e 3182 3184 1
e 3185 3184 2
e 3184 3185 2
e 3186 3185 1
e 3185 3186 1
e 3187 3186 2
e 3186 3187 2
e 3187 3181 1
e 3181 3187 1
e 3188 3187 1
e 3187 3188 1
e 3189 3188 2
e 3188 3189 2
e 3190 3188 1
e 3188 3190 1
t # 178
v 3191 0
v 3192 0
v 3193 0
v 3194 0
v 3195 0
v 3196 0
v 3197 0
v 3198 0
v 3199 0
v 3200 2
v 3201 0
v 3202 0
v 3203 0
v 3204 0
v 3205 0
v 3206 0
v 3207 1
v 3208 2
v 3209 2
v 3210 1
v 3211 2
v 3212 2
e 3192 3191 0
e 3191 3192 0
e 3193 3192 0
e 3192 3193 0
e 3194 3193 0
e 3193 3194 0
e 3195 3194 0
e 3194 3195 0
e 3196 3195 0
e 3195 3196 0
e 3196 3191 0
e 3191 3196 0
e 3197 3196 1
e 3196 3197 1
e 3198 3197 2
e 3197 3198 2
e 3199 3198 1
e 3198 3199 1
e 3200 3199 2
e 3199 3200 2
e 3201 3199 1
e 3199 3201 1
e 3202 3201 0
e 3201 3202 0
e 3203 3202 0
e 3202 3203 0
e 3204 3203 0
e 3203 3204 0
e 3205 3204 0
e 3204 3205 0
e 3206 3205 0
e 3205 3206 0
e 3206 3201 0
e 3201 3206 0
e 3207 3204 1
e 3204 3207 1
e 3208 3207 2
e 3207 3208 2
e 3209 3207 1
e 3207 3209 1
e 3210 3193 1
e 3193 3210 1
e 3211 3210 2
e 3210 3211 2
e 3212 3210 1
e 3210 3212 1
t # 179
v 3213 0
v 3214 0
v 3215 0
v 3216 0
v 3217 0
v 3218 0
v 3219 0
v 3220 0
v 3221 0
v 3222 0
v 3223 0
v 3224 0
v 3225 0
v 3226 0
v 3227 0
v 3228 0
v 3229 0
v 3230 0
v 3231 0
v 3232 0
v 3233 0
v 3234 0
v 3235 1
v 3236 2
v 3237 2
v 3238 1
v 3239 2
v 3240 2
e 3214 3213 0
e 3213 3214 0
e 3215 3214 0
e 3214 3215 0
e 3216 3215 0
e 3215 3216 0
e 3217 3216 0
e 3216 3217 0
e 3218 3217 0
e 3217 3218 0
e 3219 3218 0
e 3218 3219 0
e 3220 3219 0
e 3219 3220 0
e 3221 3220 0
e 3220 3221 0
e 3222 3221 0
e 3221 3222 0
e 3223 3222 0
e 3222 3223 0
e 3223 3218 0
e 3218 3223 0
e 3224 3223 0
e 3223 3224 0
e 3224 3215 0
e 3215 3224 0
e 3225 3224 0
e 3224 3225 0
e 3226 3225 0
e 3225 3226 0
e 3226 3213 0
e 3213 3226 0
e 3227 3226 0
e 3226 3227 0
e 3228 3227 0
e 3227 3228 0
e 3229 3228 0
e 3228 3229 0
e 3230 3229 0
e 3229 3230 0
e 3230 3225 0
e 3225 3230 0
e 3231 3230 0
e 3230 3231 0
e 3231 3222 0
e 3222 3231 0
e 3232 3231 0
e 3231 3232 0
e 3233 3232 0
e 3232 3233 0
e 3234 3233 0
e 3233 3234 0
e 3234 3229 0
e 3229 3234 0
e 3235 3232 1
e 3232 3235 1
e 3236 3235 2
e 3235 3236 2
e 3237 3235 1
e 3235 3237 1
e 3238 3219 1
e 3219 3238 1
e 3239 3238 2
e 3238 3239 2
e 3240 3238 1
e 3238 3240 1
t # 180
v 3241 0
v 3242 0
v 3243 0
v 3244 0
v 3245 0
v 3246 0
v 3247 1
v 3248 1
v 3249 2
v 3250 2
v 3251 1
e 3242 3241 0
e 3241 3242 0
e 3243 3242 0
e 3242 3243 0
e 3244 3243 0
e 3243 3244 0
e 3245 3244 0
e 3244 3245 0
e 3246 3245 0
e 3245 3246 0
e 3246 3241 0
e 3241 3246 0
e 3247 3246 1
e 3246 3247 1
e 3248 3244 1
e 3244 3248 1
e 3249 3248 2
e 3248 3249 2
e 3250 3248 1
e 3248 3250 1
e 3251 3243 1
e 3243 3251 1
t # 181
v 3252 0
v 3253 0
v 3254 0
v 3255 0
v 3256 0
v 3257 0
v 3258 0
v 3259 0
v 3260 0
v 3261 0
v 3262 1
v 3263 1
v 3264 2
v 3265 2
e 3253 3252 1
e 3252 3253 1
e 3254 3253 0
e 3253 3254 0
e 3255 3254 0
e 3254 3255 0
e 3256 3255 0
e 3255 3256 0
e 3257 3256 0
e 3256 3257 0
e 3258 3257 0
e 3257 3258 0
e 3259 3258 0
e 3258 3259 0
e 3260 3259 0
e 3259 3260 0
e 3261 3260 0
e 3260 3261 0
e 3261 3256 0
e 3256 3261 0
e 3262 3261 0
e 3261 3262 0
e 3262 3253 0
e 3253 3262 0
e 3263 3260 1
e 3260 3263 1
e 3264 3263 2
e 3263 3264 2
e 3265 3263 1
e 3263 3265 1
t # 182
v 3266 0
v 3267 0
v 3268 0
v 3269 0
v 3270 0
v 3271 0
v 3272 0
v 3273 0
v 3274 0
v 3275 0
v 3276 0
v 3277 0
v 3278 0
v 3279 0
v 3280 0
v 3281 0
v 3282 1
v 3283 2
v 3284 2
v 3285 1
v 3286 2
v 3287 2
e 3267 3266 0
e 3266 3267 0
e 3268 3267 0
e 3267 3268 0
e 3269 3268 0
e 3268 3269 0
e 3270 3269 0
e 3269 3270 0
e 3271 3270 0
e 3270 3271 0
e 3272 3271 0
e 3271 3272 0
e 3273 3272 0
e 3272 3273 0
e 3273 3268 0
e 3268 3273 0
e 3274 3273 0
e 3273 3274 0
e 3275 3274 0
e 3274 3275 0
e 3275 3266 0
e 3266 3275 0
e 3276 3275 0
e 3275 3276 0
e 3277 3276 0
e 3276 3277 0
e 3278 3277 0
e 3277 3278 0
e 3279 3278 0
e 3278 3279 0
e 3279 3274 0
e 3274 3279 0
e 3280 3279 0
e 3279 3280 0
e 3281 3280 0
e 3280 3281 0
e 3281 3272 0
e 3272 3281 0
e 3282 3278 1
e 3278 3282 1
e 3283 3282 2
e 3282 3283 2
e 3284 3282 1
e 3282 3284 1
e 3285 3271 1
e 3271 3285 1
e 3286 3285 2
e 3285 3286 2
e 3287 3285 1
e 3285 3287 1
t # 183
v 3288 0
v 3289 0
v 3290 0
v 3291 0
v 3292 0
v 3293 0
v 3294 0
v 3295 0
v 3296 0
v 3297 0
v 3298 0
v 3299 0
v 3300 0
v 3301 0
v 3302 0
v 3303 0
v 3304 1
v 3305 2
v 3306 2
v 3307 1
v 3308 2
v 3309 2
e 3289 3288 0
e 3288 3289 0
e 3290 3289 0
e 3289 3290 0
e 3291 3290 0
e 3290 3291 0
e 3292 3291 0
e 3291 3292 0
e 3293 3292 0
e 3292 3293 0
e 3294 3293 0
e 3293 3294 0
e 3295 3294 0
e 3294 3295 0
e 3295 3290 0
e 3290 3295 0
e 3296 3295 0
e 3295 3296 0
e 3297 3296 0
e 3296 3297 0
e 3297 3288 0
e 3288 3297 0
e 3298 3296 1
e 3296 3298 1
e 3299 3298 0
e 3298 3299 0
e 3299 3294 1
e 3294 3299 1
e 3300 3299 0
e 3299 3300 0
e 3301 3300 0
e 3300 3301 0
e 3302 3301 0
e 3301 3302 0
e 3303 3302 0
e 3302 3303 0
e 3303 3298 0
e 3298 3303 0
e 3304 3303 1
e 3303 3304 1
e 3305 3304 2
e 3304 3305 2
e 3306 3304 1
e 3304 3306 1
e 3307 3291 1
e 3291 3307 1
e 3308 3307 2
e 3307 3308 2
e 3309 3307 1
e 3307 3309 1
t # 185
v 3323 0
v 3324 0
v 3325 0
v 3326 0
v 3327 0
v 3328 0
v 3329 1
v 3330 2
v 3331 2
v 3332 0
v 3333 0
v 3334 1
e 3324 3323 0
e 3323 3324 0
e 3325 3324 0
e 3324 3325 0
e 3326 3325 0
e 3325 3326 0
e 3327 3326 0
e 3326 3327 0
e 3328 3327 0
e 3327 3328 0
e 3328 3323 0
e 3323 3328 0
e 3329 3328 1
e 3328 3329 1
e 3330 3329 2
e 3329 3330 2
e 3331 3329 1
e 3329 3331 1
e 3332 3326 1
e 3326 3332 1
e 3333 3332 1
e 3332 3333 1
e 3334 3333 1
e 3333 3334 1
e 3334 3325 1
e 3325 3334 1
t # 186
v 3335 0
v 3336 0
v 3337 0
v 3338 0
v 3339 0
v 3340 0
v 3341 0
v 3342 0
v 3343 0
v 3344 0
v 3345 0
v 3346 0
v 3347 0
v 3348 0
v 3349 0
v 3350 0
v 3351 0
v 3352 0
v 3353 1
v 3354 2
v 3355 2
e 3336 3335 0
e 3335 3336 0
e 3337 3336 0
e 3336 3337 0
e 3338 3337 0
e 3337 3338 0
e 3339 3338 0
e 3338 3339 0
e 3340 3339 0
e 3339 3340 0
e 3340 3335 0
e 3335 3340 0
e 3341 3339 0
e 3339 3341 0
e 3342 3341 0
e 3341 3342 0
e 3343 3342 0
e 3342 3343 0
e 3344 3343 0
e 3343 3344 0
e 3345 3344 0
e 3344 3345 0
e 3346 3345 0
e 3345 3346 0
e 3346 3341 0
e 3341 3346 0
e 3347 3346 0
e 3346 3347 0
e 3348 3347 0
e 3347 3348 0
e 3348 3338 0
e 3338 3348 0
e 3349 3348 0
e 3348 3349 0
e 3350 3349 0
e 3349 3350 0
e 3351 3350 0
e 3350 3351 0
e 3352 3351 0
e 3351 3352 0
e 3352 3347 0
e 3347 3352 0
e 3353 3351 1
e 3351 3353 1
e 3354 3353 2
e 3353 3354 2
e 3355 3353 1
e 3353 3355 1
t # 187
v 3356 0
v 3357 0
v 3358 0
v 3359 0
v 3360 1
v 3361 0
v 3362 0
v 3363 0
v 3364 0
v 3365 0
v 3366 0
v 3367 0
v 3368 0
v 3369 1
v 3370 2
v 3371 2
e 3357 3356 1
e 3356 3357 1
e 3358 3357 1
e 3357 3358 1
e 3359 3358 1
e 3358 3359 1
e 3360 3359 2
e 3359 3360 2
e 3361 3360 1
e 3360 3361 1
e 3362 3361 2
e 3361 3362 2
e 3363 3362 1
e 3362 3363 1
e 3364 3363 2
e 3363 3364 2
e 3365 3364 1
e 3364 3365 1
e 3366 3365 2
e 3365 3366 2
e 3366 3361 1
e 3361 3366 1
e 3367 3366 2
e 3366 3367 2
e 3367 3359 1
e 3359 3367 1
e 3368 3367 1
e 3367 3368 1
e 3368 3356 1
e 3356 3368 1
e 3369 3364 1
e 3364 3369 1
e 3370 3369 2
e 3369 3370 2
e 3371 3369 1
e 3369 3371 1