t # 0
v 0 0
v 1 0
v 2 0
v 3 0
v 4 0
v 5 0
v 6 0
v 7 0
v 8 0
v 9 0
v 10 0
v 11 0
v 12 0
v 13 0
v 14 0
v 15 0
v 16 0
v 17 0
v 18 0
v 19 0
v 20 0
v 21 0
v 22 1
v 23 1
v 24 1
v 25 1
v 26 1
v 27 1
v 28 1
v 29 1
v 30 1
v 31 1
v 32 1
v 33 1
v 34 1
v 35 1
v 36 1
v 37 1
v 38 1
v 39 1
v 40 1
v 41 1
e 0 11 0
e 0 22 0
e 0 32 0
e 1 23 0
e 1 31 0
e 1 41 0
e 2 24 0
e 2 29 0
e 2 34 0
e 3 4 0
e 3 28 0
e 3 29 0
e 3 38 0
e 3 39 0
e 4 14 0
e 4 28 0
e 4 29 0
e 4 38 0
e 4 39 0
e 5 6 0
e 5 7 0
e 5 26 0
e 6 7 0
e 6 8 0
e 7 19 0
e 7 25 0
e 8 9 0
e 8 10 0
e 8 25 0
e 8 35 0
e 9 10 0
e 9 19 0
e 9 21 0
e 9 25 0
e 9 35 0
e 10 20 0
e 11 22 0
e 11 32 0
e 12 31 0
e 12 33 0
e 12 41 0
e 13 14 0
e 13 15 0
e 13 34 0
e 13 39 0
e 14 15 0
e 14 39 0
e 15 38 0
e 16 17 0
e 16 18 0
e 16 19 0
e 16 36 0
e 17 18 0
e 17 19 0
e 18 19 0
e 18 35 0
e 19 20 0
e 19 21 0
e 19 35 0
e 20 21 0
e 22 30 0
e 22 40 0
e 23 24 0
e 23 31 0
e 23 34 0
e 23 41 0
e 24 33 0
e 26 27 0
e 26 37 0
e 27 28 0
e 27 36 0
e 30 31 0
e 30 32 0
e 31 33 0
e 31 41 0
e 32 40 0
e 33 34 0
e 33 41 0
e 36 37 0
e 37 38 0
e 40 41 0
t # 1
v 0 0
v 1 0
v 2 0
v 3 0
v 4 0
v 5 0
v 6 0
v 7 0
v 8 0
v 9 0
v 10 0
v 11 0
v 12 0
v 13 0
v 14 1
v 15 1
v 16 1
v 17 1
v 18 1
v 19 1
v 20 1
v 21 1
v 22 1
v 23 1
v 24 1
v 25 1
v 26 1
e 0 1 0
e 0 2 0
e 0 3 0
e 1 2 0
e 1 3 0
e 2 3 0
e 2 4 0
e 3 4 0
e 4 5 0
e 5 6 0
e 5 14 0
e 6 7 0
e 6 14 0
e 7 8 0
e 7 14 0
e 7 15 0
e 8 9 0
e 8 14 0
e 8 15 0
e 9 10 0
e 9 15 0
e 9 18 0
e 10 11 0
e 10 18 0
e 11 12 0
e 11 19 0
e 12 17 0
e 12 19 0
e 13 16 0
e 13 20 0
e 13 24 0
e 15 18 0
e 16 20 0
e 16 24 0
e 17 19 0
e 17 22 0
e 20 24 0
e 21 22 0
e 21 23 0
e 21 25 0
e 22 23 0
e 23 25 0
e 23 26 0
e 24 25 0
e 24 26 0
e 25 26 0
t # 2
v 0 0
v 1 0
v 2 0
v 3 0
v 4 0
v 5 0
v 6 0
v 7 0
v 8 0
v 9 1
e 0 1 0
e 0 2 0
e 0 9 0
e 1 2 0
e 1 9 0
e 2 3 0
e 2 9 0
e 3 4 0
e 3 5 0
e 4 5 0
e 4 6 0
e 5 6 0
e 5 7 0
e 5 8 0
e 6 7 0
e 6 8 0
e 7 8 0
t # 3
v 0 0
v 1 0
v 2 0
v 3 0
v 4 0
v 5 0
v 6 0
v 7 0
v 8 0
v 9 0
v 10 0
v 11 0
v 12 1
v 13 1
v 14 1
v 15 1
v 16 1
v 17 1
v 18 1
v 19 1
v 20 1
v 21 1
v 22 1
v 23 1
e 0 1 0
e 0 2 0
e 0 9 0
e 1 2 0
e 1 3 0
e 1 8 0
e 2 3 0
e 2 9 0
e 3 9 0
e 3 10 0
e 3 11 0
e 3 15 0
e 4 5 0
e 4 6 0
e 4 9 0
e 5 6 0
e 5 7 0
e 6 7 0
e 6 11 0
e 7 11 0
e 7 19 0
e 8 9 0
e 8 10 0
e 9 10 0
e 9 11 0
e 10 11 0
e 11 23 0
e 12 13 0
e 12 17 0
e 12 21 0
e 13 14 0
e 13 16 0
e 13 18 0
e 13 20 0
e 13 22 0
e 14 15 0
e 14 19 0
e 14 23 0
e 15 23 0
e 16 17 0
e 17 18 0
e 18 19 0
e 19 23 0
e 20 21 0
e 21 22 0
e 22 23 0
t # 4
v 0 0
v 1 0
v 2 0
v 3 1
v 4 1
v 5 1
v 6 1
v 7 1
v 8 1
v 9 1
v 10 1
e 0 4 0
e 0 5 0
e 0 9 0
e 0 10 0
e 1 2 0
e 1 3 0
e 1 6 0
e 1 7 0
e 1 8 0
e 2 3 0
e 2 6 0
e 3 6 0
e 4 5 0
e 4 10 0
e 5 10 0
e 6 7 0
e 6 8 0
e 7 8 0
e 7 9 0
e 7 10 0
e 9 10 0
t # 8
v 0 0
v 1 0
v 2 0
v 3 0
v 4 0
v 5 0
v 6 0
v 7 0
v 8 0
v 9 0
v 10 0
v 11 0
v 12 0
v 13 0
v 14 0
v 15 0
v 16 0
v 17 1
v 18 1
e 0 1 0
e 0 17 0
e 0 18 0
e 1 2 0
e 1 3 0
e 1 17 0
e 1 18 0
e 2 3 0
e 2 4 0
e 2 18 0
e 3 4 0
e 3 5 0
e 4 5 0
e 4 6 0
e 5 6 0
e 6 7 0
e 7 8 0
e 7 9 0
e 8 9 0
e 8 10 0
e 9 10 0
e 9 11 0
e 10 11 0
e 10 12 0
e 11 12 0
e 12 13 0
e 13 14 0
e 13 15 0
e 13 16 0
e 14 15 0
e 14 16 0
e 15 16 0
e 17 18 0
t # 9
v 0 0
v 1 0
v 2 0
v 3 0
v 4 0
v 5 0
v 6 1
v 7 1
v 8 1
v 9 1
v 10 1
e 0 6 0
e 0 7 0
e 0 8 0
e 1 6 0
e 1 7 0
e 1 9 0
e 2 3 0
e 2 9 0
e 2 10 0
e 3 4 0
e 3 5 0
e 3 9 0
e 3 10 0
e 4 5 0
e 4 10 0
e 5 10 0
e 6 7 0
e 6 8 0
e 7 8 0
t # 10
v 0 0
v 1 0
v 2 0
v 3 0
v 4 0
v 5 0
v 6 0
v 7 0
v 8 0
v 9 0
v 10 0
v 11 0
v 12 1
v 13 1
v 14 1
v 15 1
v 16 1
v 17 1
v 18 1
v 19 1
e 0 1 0
e 0 15 0
e 0 16 0
e 1 15 0
e 1 16 0
e 1 17 0
e 2 3 0
e 2 14 0
e 2 17 0
e 3 13 0
e 3 14 0
e 4 5 0
e 4 12 0
e 4 13 0
e 5 6 0
e 5 12 0
e 6 7 0
e 6 8 0
e 6 12 0
e 7 8 0
e 7 9 0
e 8 9 0
e 9 10 0
e 10 11 0
e 10 18 0
e 10 19 0
e 11 18 0
e 11 19 0
e 12 13 0
e 14 17 0
e 15 16 0
e 18 19 0
t # 11
v 0 0
v 1 0
v 2 0
v 3 0
v 4 0
v 5 0
v 6 0
v 7 0
v 8 0
v 9 0
v 10 0
v 11 0
v 12 0
v 13 0
v 14 0
v 15 0
v 16 0
v 17 0
v 18 0
v 19 0
v 20 0
v 21 0
v 22 0
v 23 0
v 24 0
v 25 1
v 26 1
v 27 1
v 28 1
v 29 1
v 30 1
v 31 1
v 32 1
v 33 1
v 34 1
v 35 1
v 36 1
v 37 1
v 38 1
v 39 1
v 40 1
v 41 1
v 42 1
v 43 1
v 44 1
v 45 1
v 46 1
v 47 1
v 48 1
v 49 1
v 50 1
v 51 1
e 0 1 0
e 0 18 0
e 1 2 0
e 1 17 0
e 1 19 0
e 1 32 0
e 1 33 0
e 2 18 0
e 2 26 0
e 2 31 0
e 3 4 0
e 3 28 0
e 4 5 0
e 4 20 0
e 4 29 0
e 5 6 0
e 5 23 0
e 5 29 0
e 5 30 0
e 6 7 0
e 6 8 0
e 6 22 0
e 6 27 0
e 6 30 0
e 7 8 0
e 7 24 0
e 7 27 0
e 8 24 0
e 9 10 0
e 9 11 0
e 9 34 0
e 9 42 0
e 10 11 0
e 10 19 0
e 10 41 0
e 10 42 0
e 11 35 0
e 11 40 0
e 12 13 0
e 12 21 0
e 12 37 0
e 13 20 0
e 13 38 0
e 14 15 0
e 14 23 0
e 14 38 0
e 14 39 0
e 15 16 0
e 15 22 0
e 15 36 0
e 15 39 0
e 16 23 0
e 16 24 0
e 16 36 0
e 17 18 0
e 17 43 0
e 17 51 0
e 18 19 0
e 18 50 0
e 18 51 0
e 19 44 0
e 19 49 0
e 20 21 0
e 20 46 0
e 21 47 0
e 22 47 0
e 22 48 0
e 23 24 0
e 23 45 0
e 23 48 0
e 24 45 0
e 25 33 0
e 26 28 0
e 26 37 0
e 26 46 0
e 27 30 0
e 27 39 0
e 27 48 0
e 28 35 0
e 28 37 0
e 28 44 0
e 28 46 0
e 29 30 0
e 30 36 0
e 30 38 0
e 30 45 0
e 30 47 0
e 31 32 0
e 31 41 0
e 31 50 0
e 32 33 0
e 32 40 0
e 32 42 0
e 32 49 0
e 32 51 0
e 33 34 0
e 33 43 0
e 33 51 0
e 35 37 0
e 40 41 0
e 42 51 0
e 44 46 0
e 49 50 0
t # 12
v 0 0
v 1 0
v 2 0
v 3 0
v 4 0
v 5 0
v 6 0
v 7 0
v 8 0
v 9 0
v 10 0
v 11 0
v 12 0
v 13 0
v 14 0
v 15 1
v 16 1
v 17 1
v 18 1
v 19 1
v 20 1
e 0 1 0
e 0 2 0
e 0 16 0
e 1 2 0
e 1 16 0
e 2 3 0
e 2 16 0
e 2 17 0
e 3 16 0
e 3 17 0
e 4 5 0
e 4 17 0
e 4 18 0
e 5 6 0
e 5 18 0
e 6 7 0
e 6 15 0
e 6 18 0
e 7 15 0
e 7 19 0
e 7 20 0
e 8 9 0
e 8 19 0
e 8 20 0
e 9 10 0
e 9 11 0
e 9 20 0
e 10 11 0
e 10 12 0
e 11 12 0
e 11 13 0
e 11 14 0
e 12 13 0
e 12 14 0
e 13 14 0
e 15 18 0
e 15 19 0
e 19 20 0
t # 13
v 0 0
v 1 0
v 2 0
v 3 0
v 4 0
v 5 0
v 6 0
v 7 0
v 8 0
v 9 0
v 10 0
v 11 0
v 12 0
v 13 0
v 14 0
v 15 0
v 16 0
v 17 0
v 18 0
v 19 0
v 20 0
v 21 0
v 22 0
v 23 0
v 24 0
v 25 0
v 26 1
v 27 1
v 28 1
v 29 1
v 30 1
v 31 1
v 32 1
v 33 1
v 34 1
v 35 1
v 36 1
v 37 1
v 38 1
v 39 1
v 40 1
v 41 1
v 42 1
v 43 1
e 0 1 0
e 0 14 0
e 1 2 0
e 1 13 0
e 1 15 0
e 1 27 0
e 1 29 0
e 2 14 0
e 2 29 0
e 2 30 0
e 3 4 0
e 3 5 0
e 3 30 0
e 4 5 0
e 4 6 0
e 5 6 0
e 5 7 0
e 6 7 0
e 7 8 0
e 8 9 0
e 8 31 0
e 9 10 0
e 9 11 0
e 9 31 0
e 10 11 0
e 10 12 0
e 10 22 0
e 10 32 0
e 11 12 0
e 11 32 0
e 12 23 0
e 12 25 0
e 13 14 0
e 13 36 0
e 13 37 0
e 14 15 0
e 14 36 0
e 14 38 0
e 15 38 0
e 15 39 0
e 16 17 0
e 16 18 0
e 16 39 0
e 17 18 0
e 17 19 0
e 18 19 0
e 18 20 0
e 19 20 0
e 20 21 0
e 21 22 0
e 21 23 0
e 21 40 0
e 22 23 0
e 22 24 0
e 22 40 0
e 23 24 0
e 23 25 0
e 23 41 0
e 24 25 0
e 24 41 0
e 26 28 0
e 26 34 0
e 26 37 0
e 26 43 0
e 27 28 0
e 27 37 0
e 28 35 0
e 28 36 0
e 29 30 0
e 29 39 0
e 30 38 0
e 31 32 0
e 31 41 0
e 32 40 0
e 33 34 0
e 33 43 0
e 34 35 0
e 34 42 0
e 34 43 0
e 35 37 0
e 35 43 0
e 36 37 0
e 38 39 0
e 40 41 0
e 42 43 0
t # 14
v 0 0
v 1 0
v 2 0
v 3 0
v 4 0
v 5 0
v 6 0
v 7 0
v 8 0
v 9 0
v 10 1
v 11 1
v 12 1
v 13 1
v 14 1
v 15 1
v 16 1
v 17 1
v 18 1
v 19 1
e 0 13 0
e 0 15 0
e 0 16 0
e 1 2 0
e 1 16 0
e 1 17 0
e 1 18 0
e 1 19 0
e 2 3 0
e 2 17 0
e 3 4 0
e 3 14 0
e 3 17 0
e 4 14 0
e 4 17 0
e 5 6 0
e 5 12 0
e 5 14 0
e 6 11 0
e 6 12 0
e 7 8 0
e 7 9 0
e 7 10 0
e 7 11 0
e 8 9 0
e 8 10 0
e 9 10 0
e 11 12 0
e 13 15 0
e 13 16 0
e 15 16 0
e 15 18 0
e 15 19 0
e 16 18 0
e 16 19 0
e 18 19 0
t # 15
v 0 0
v 1 0
v 2 0
v 3 0
v 4 0
v 5 0
v 6 0
v 7 1
v 8 1
v 9 1
v 10 1
v 11 1
v 12 1
v 13 1
v 14 1
v 15 1
v 16 1
v 17 1
v 18 1
v 19 1
v 20 1
v 21 1
v 22 1
v 23 1
v 24 1
v 25 1
v 26 1
v 27 1
v 28 1
v 29 1
v 30 1
v 31 1
v 32 1
v 33 1
v 34 1
v 35 1
v 36 1
v 37 1
v 38 1
v 39 1
e 0 7 0
e 0 8 0
e 0 21 0
e 1 10 0
e 1 15 0
e 1 19 0
e 2 15 0
e 2 19 0
e 2 25 0
e 3 11 0
e 3 14 0
e 3 20 0
e 3 27 0
e 4 27 0
e 4 34 0
e 4 35 0
e 5 30 0
e 5 38 0
e 5 39 0
e 6 26 0
e 6 32 0
e 6 33 0
e 7 8 0
e 7 21 0
e 8 9 0
e 8 12 0
e 8 21 0
e 9 12 0
e 9 13 0
e 10 13 0
e 10 15 0
e 11 14 0
e 11 17 0
e 11 18 0
e 11 20 0
e 12 13 0
e 14 20 0
e 15 19 0
e 16 17 0
e 16 18 0
e 16 22 0
e 17 18 0
e 19 25 0
e 22 23 0
e 22 24 0
e 23 24 0
e 23 25 0
e 24 25 0
e 26 32 0
e 26 33 0
e 27 34 0
e 27 35 0
e 28 29 0
e 28 36 0
e 28 37 0
e 29 38 0
e 29 39 0
e 30 31 0
e 30 32 0
e 31 32 0
e 31 33 0
e 32 33 0
e 34 35 0
e 35 36 0
e 35 37 0
e 36 37 0
e 38 39 0
t # 16
v 0 0
v 1 0
v 2 0
v 3 0
v 4 0
v 5 0
v 6 0
v 7 0
v 8 0
v 9 0
v 10 0
v 11 1
v 12 1
v 13 1
v 14 1
v 15 1
v 16 1
v 17 1
v 18 1
v 19 1
v 20 1
v 21 1
v 22 1
e 0 1 0
e 0 12 0
e 0 13 0
e 1 2 0
e 1 12 0
e 2 3 0
e 2 20 0
e 3 4 0
e 3 20 0
e 3 21 0
e 4 5 0
e 4 6 0
e 4 21 0
e 5 6 0
e 5 7 0
e 5 21 0
e 6 7 0
e 6 22 0
e 7 22 0
e 8 9 0
e 8 19 0
e 8 22 0
e 9 10 0
e 9 18 0
e 9 19 0
e 10 18 0
e 10 19 0
e 11 14 0
e 11 15 0
e 11 16 0
e 12 13 0
e 12 20 0
e 13 16 0
e 13 17 0
e 14 15 0
e 14 16 0
e 14 17 0
e 15 16 0
e 16 17 0
e 18 19 0
e 20 1 0
t # 18
v 0 0
v 1 0
v 2 0
v 3 0
v 4 0
v 5 0
v 6 0
v 7 0
v 8 0
v 9 0
v 10 0
v 11 0
v 12 0
v 13 0
v 14 0
v 15 0
v 16 0
v 17 0
v 18 0
v 19 0
v 20 1
v 21 1
v 22 1
v 23 1
v 24 1
v 25 1
v 26 1
v 27 1
v 28 1
v 29 1
v 30 1
v 31 1
v 32 1
v 33 1
v 34 1
v 35 1
v 36 1
v 37 1
v 38 1
v 39 1
v 40 1
v 41 1
v 42 1
v 43 1
v 44 1
v 45 1
v 46 1
v 47 1
v 48 1
v 49 1
v 50 1
v 51 1
v 52 1
v 53 1
v 54 1
v 55 1
e 0 1 0
e 0 6 0
e 0 11 0
e 0 16 0
e 1 2 0
e 1 17 0
e 1 20 0
e 1 24 0
e 2 23 0
e 2 24 0
e 3 4 0
e 3 8 0
e 3 13 0
e 3 14 0
e 3 18 0
e 3 25 0
e 3 26 0
e 4 13 0
e 4 27 0
e 4 28 0
e 5 19 0
e 5 21 0
e 6 29 0
e 6 33 0
e 7 32 0
e 7 33 0
e 8 9 0
e 8 18 0
e 8 34 0
e 8 35 0
e 9 10 0
e 9 36 0
e 9 37 0
e 10 19 0
e 10 30 0
e 11 38 0
e 11 42 0
e 12 41 0
e 12 42 0
e 13 14 0
e 13 43 0
e 13 44 0
e 14 45 0
e 14 46 0
e 15 19 0
e 15 39 0
e 16 47 0
e 16 51 0
e 17 50 0
e 17 51 0
e 18 52 0
e 18 53 0
e 19 48 0
e 21 28 0
e 21 30 0
e 21 39 0
e 21 48 0
e 22 23 0
e 22 25 0
e 26 27 0
e 28 55 0
e 30 37 0
e 30 39 0
e 30 48 0
e 31 32 0
e 31 34 0
e 35 36 0
e 37 55 0
e 39 46 0
e 39 48 0
e 40 41 0
e 40 43 0
e 44 45 0
e 46 55 0
e 48 55 0
e 49 50 0
e 49 52 0
e 53 54 0
e 54 55 0
t # 19
v 0 0
v 1 0
v 2 0
v 3 0
v 4 0
v 5 0
v 6 0
v 7 0
v 8 0
v 9 0
v 10 0
v 11 0
v 12 0
v 13 0
v 14 0
v 15 0
v 16 0
v 17 0
v 18 1
v 19 1
v 20 1
v 21 1
v 22 1
v 23 1
v 24 1
v 25 1
v 26 1
e 0 20 0
e 0 22 0
e 0 23 0
e 1 2 0
e 1 20 0
e 1 21 0
e 2 3 0
e 2 21 0
e 3 25 0
e 3 26 0
e 4 5 0
e 4 6 0
e 4 25 0
e 4 26 0
e 5 6 0
e 5 26 0
e 6 7 0
e 7 8 0
e 7 9 0
e 8 9 0
e 8 10 0
e 9 10 0
e 10 11 0
e 10 12 0
e 11 12 0
e 11 13 0
e 12 13 0
e 12 14 0
e 13 14 0
e 13 15 0
e 14 15 0
e 14 16 0
e 14 17 0
e 15 16 0
e 15 17 0
e 16 17 0
e 18 19 0
e 18 23 0
e 18 24 0
e 19 23 0
e 19 24 0
e 20 21 0
e 20 22 0
e 22 23 0
e 22 24 0
e 23 24 0
e 25 26 0
t # 21
v 0 0
v 1 0
v 2 0
v 3 0
v 4 0
v 5 0
v 6 0
v 7 0
v 8 0
v 9 0
v 10 0
v 11 0
v 12 0
v 13 0
v 14 0
v 15 0
v 16 0
v 17 0
v 18 0
v 19 0
v 20 0
v 21 0
v 22 0
v 23 0
v 24 0
v 25 0
v 26 0
v 27 0
v 28 0
v 29 0
v 30 1
v 31 1
v 32 1
v 33 1
v 34 1
v 35 1
v 36 1
v 37 1
v 38 1
v 39 1
v 40 1
v 41 1
v 42 1
v 43 1
v 44 1
v 45 1
v 46 1
v 47 1
v 48 1
v 49 1
v 50 1
v 51 1
v 52 1
v 53 1
e 0 1 0
e 0 30 0
e 0 31 0
e 0 32 0
e 0 33 0
e 1 2 0
e 1 32 0
e 1 33 0
e 2 33 0
e 2 37 0
e 3 4 0
e 3 37 0
e 3 38 0
e 4 5 0
e 4 38 0
e 5 6 0
e 5 38 0
e 6 7 0
e 6 41 0
e 7 8 0
e 7 41 0
e 8 40 0
e 8 41 0
e 9 10 0
e 9 39 0
e 9 40 0
e 10 11 0
e 10 39 0
e 11 12 0
e 11 13 0
e 12 13 0
e 12 14 0
e 13 14 0
e 14 15 0
e 14 42 0
e 15 16 0
e 15 42 0
e 16 17 0
e 16 42 0
e 16 43 0
e 17 18 0
e 17 43 0
e 18 19 0
e 18 43 0
e 19 20 0
e 19 36 0
e 20 21 0
e 20 36 0
e 21 35 0
e 21 36 0
e 22 34 0
e 22 35 0
e 22 44 0
e 23 24 0
e 23 25 0
e 23 44 0
e 23 45 0
e 23 46 0
e 24 25 0
e 24 46 0
e 25 46 0
e 26 27 0
e 26 47 0
e 26 49 0
e 26 53 0
e 27 28 0
e 27 47 0
e 27 49 0
e 27 53 0
e 28 49 0
e 28 50 0
e 28 51 0
e 29 48 0
e 29 50 0
e 29 52 0
e 30 31 0
e 30 32 0
e 31 32 0
e 34 35 0
e 34 44 0
e 34 45 0
e 37 38 0
e 39 40 0
e 44 45 0
e 46 47 0
e 47 53 0
e 48 50 0
e 48 51 0
e 48 52 0
e 49 51 0
e 50 51 0
e 50 52 0
t # 22
v 0 0
v 1 0
v 2 0
v 3 0
v 4 0
v 5 0
v 6 0
v 7 0
v 8 0
v 9 0
v 10 0
v 11 0
v 12 0
v 13 0
v 14 0
v 15 0
v 16 0
v 17 0
v 18 0
v 19 0
v 20 0
v 21 0
v 22 0
v 23 1
v 24 1
v 25 1
v 26 1
v 27 1
v 28 1
v 29 1
v 30 1
v 31 1
v 32 1
v 33 1
v 34 1
v 35 1
v 36 1
v 37 1
v 38 1
v 39 1
v 40 1
v 41 1
v 42 1
v 43 1
v 44 1
v 45 1
v 46 1
v 47 1
v 48 1
v 49 1
v 50 1
v 51 1
v 52 1
v 53 1
v 54 1
v 55 1
v 56 1
v 57 1
v 58 1
v 59 1
v 60 1
v 61 1
v 62 1
v 63 1
v 64 1
v 65 1
v 66 1
e 0 1 0
e 0 2 0
e 1 2 0
e 1 12 0
e 1 14 0
e 1 24 0
e 2 3 0
e 3 14 0
e 3 16 0
e 3 31 0
e 4 5 0
e 4 15 0
e 4 17 0
e 4 30 0
e 4 37 0
e 5 6 0
e 5 7 0
e 5 16 0
e 5 18 0
e 5 23 0
e 5 38 0
e 6 7 0
e 6 17 0
e 6 23 0
e 6 26 0
e 7 17 0
e 7 26 0
e 7 35 0
e 8 9 0
e 8 21 0
e 8 36 0
e 9 10 0
e 9 11 0
e 9 20 0
e 9 21 0
e 9 44 0
e 10 11 0
e 10 22 0
e 10 27 0
e 11 22 0
e 12 13 0
e 12 46 0
e 12 47 0
e 13 14 0
e 13 46 0
e 14 15 0
e 15 53 0
e 16 52 0
e 16 59 0
e 17 18 0
e 17 19 0
e 17 45 0
e 17 60 0
e 18 19 0
e 18 45 0
e 18 48 0
e 19 26 0
e 19 48 0
e 19 57 0
e 20 21 0
e 20 58 0
e 21 22 0
e 21 66 0
e 22 49 0
e 23 26 0
e 23 48 0
e 24 25 0
e 24 47 0
e 25 46 0
e 26 35 0
e 26 45 0
e 26 48 0
e 27 28 0
e 27 49 0
e 27 50 0
e 28 44 0
e 28 49 0
e 28 66 0
e 29 37 0
e 29 39 0
e 30 38 0
e 31 39 0
e 32 40 0
e 32 43 0
e 33 40 0
e 33 41 0
e 34 36 0
e 34 41 0
e 34 42 0
e 34 58 0
e 35 43 0
e 35 48 0
e 35 65 0
e 36 42 0
e 42 58 0
e 43 57 0
e 44 50 0
e 44 66 0
e 45 48 0
e 46 47 0
e 49 50 0
e 50 66 0
e 51 59 0
e 51 61 0
e 52 60 0
e 53 61 0
e 54 62 0
e 54 65 0
e 55 62 0
e 55 63 0
e 56 63 0
e 56 64 0
e 57 65 0
e 58 64 0
t # 23
v 0 0
v 1 0
v 2 1
v 3 1
v 4 1
v 5 1
v 6 1
v 7 1
v 8 1
v 9 1
v 10 1
v 11 1
e 0 1 0
e 0 2 0
e 0 6 0
e 0 7 0
e 1 2 0
e 1 7 0
e 1 11 0
e 2 6 0
e 2 11 0
e 3 4 0
e 3 9 0
e 4 5 0
e 4 8 0
e 4 10 0
e 5 6 0
e 5 9 0
e 5 11 0
e 6 7 0
e 6 10 0
e 6 11 0
e 7 11 0
e 8 9 0
e 9 10 0
e 10 11 0
t # 24
v 0 0
v 1 0
v 2 0
v 3 0
v 4 0
v 5 0
v 6 0
v 7 0
v 8 0
v 9 0
v 10 0
v 11 0
v 12 0
v 13 0
v 14 0
v 15 0
v 16 0
v 17 0
v 18 0
v 19 0
v 20 0
v 21 1
v 22 1
v 23 1
v 24 1
v 25 1
v 26 1
v 27 1
v 28 1
v 29 1
v 30 1
v 31 1
v 32 1
v 33 1
v 34 1
v 35 1
e 0 1 0
e 0 22 0
e 0 23 0
e 0 29 0
e 0 30 0
e 1 2 0
e 1 23 0
e 1 24 0
e 2 3 0
e 2 24 0
e 2 25 0
e 3 4 0
e 3 5 0
e 3 25 0
e 3 26 0
e 4 5 0
e 4 26 0
e 5 6 0
e 5 16 0
e 5 27 0
e 6 7 0
e 6 16 0
e 6 27 0
e 7 8 0
e 7 17 0
e 7 19 0
e 7 35 0
e 8 18 0
e 8 21 0
e 9 19 0
e 9 20 0
e 9 21 0
e 9 28 0
e 10 22 0
e 10 23 0
e 10 29 0
e 10 30 0
e 11 23 0
e 11 24 0
e 11 30 0
e 11 31 0
e 12 24 0
e 12 25 0
e 12 31 0
e 12 32 0
e 13 25 0
e 13 26 0
e 13 32 0
e 13 33 0
e 14 15 0
e 14 26 0
e 14 27 0
e 14 33 0
e 14 34 0
e 15 27 0
e 15 34 0
e 16 17 0
e 16 18 0
e 16 34 0
e 17 18 0
e 17 35 0
e 18 19 0
e 18 35 0
e 19 28 0
e 20 21 0
e 20 28 0
e 22 23 0
e 24 25 0
e 25 31 0
e 27 34 0
t # 26
v 0 0
v 1 0
v 2 0
v 3 0
v 4 0
v 5 0
v 6 0
v 7 0
v 8 0
v 9 0
v 10 0
v 11 0
v 12 0
v 13 0
v 14 0
v 15 0
v 16 0
v 17 0
v 18 0
v 19 0
v 20 0
v 21 0
v 22 0
v 23 0
v 24 0
v 25 0
v 26 0
v 27 0
v 28 0
v 29 0
v 30 0
v 31 0
v 32 0
v 33 0
v 34 0
v 35 0
v 36 0
v 37 0
v 38 0
v 39 0
v 40 0
v 41 0
v 42 0
v 43 0
v 44 0
v 45 0
v 46 0
v 47 0
v 48 0
v 49 0
v 50 0
v 51 0
v 52 0
v 53 0
v 54 0
v 55 0
v 56 0
v 57 0
v 58 1
v 59 1
v 60 1
v 61 1
v 62 1
v 63 1
v 64 1
v 65 1
v 66 1
v 67 1
v 68 1
v 69 1
v 70 1
v 71 1
v 72 1
v 73 1
v 74 1
v 75 1
v 76 1
v 77 1
v 78 1
v 79 1
v 80 1
v 81 1
v 82 1
v 83 1
v 84 1
v 85 1
v 86 1
v 87 1
v 88 1
v 89 1
v 90 1
v 91 1
v 92 1
v 93 1
v 94 1
v 95 1
v 96 1
v 97 1
e 0 63 0
e 0 73 0
e 1 2 0
e 1 43 0
e 1 63 0
e 2 3 0
e 3 4 0
e 3 62 0
e 4 5 0
e 4 48 0
e 4 62 0
e 5 47 0
e 5 61 0
e 6 60 0
e 6 65 0
e 7 59 0
e 7 60 0
e 8 9 0
e 8 52 0
e 8 59 0
e 9 10 0
e 9 53 0
e 9 58 0
e 9 68 0
e 10 11 0
e 10 52 0
e 10 58 0
e 10 66 0
e 11 12 0
e 11 66 0
e 11 67 0
e 12 13 0
e 12 56 0
e 12 67 0
e 13 56 0
e 13 57 0
e 13 67 0
e 14 15 0
e 14 28 0
e 14 73 0
e 15 16 0
e 15 27 0
e 15 73 0
e 16 17 0
e 16 29 0
e 16 72 0
e 17 18 0
e 17 30 0
e 17 32 0
e 17 72 0
e 18 31 0
e 18 71 0
e 19 70 0
e 19 75 0
e 20 69 0
e 20 70 0
e 21 22 0
e 21 36 0
e 21 69 0
e 22 23 0
e 22 35 0
e 22 37 0
e 22 68 0
e 23 24 0
e 23 36 0
e 23 68 0
e 23 76 0
e 24 25 0
e 24 76 0
e 24 77 0
e 25 26 0
e 25 40 0
e 25 77 0
e 26 39 0
e 26 40 0
e 27 28 0
e 27 83 0
e 28 29 0
e 28 83 0
e 29 30 0
e 30 31 0
e 30 82 0
e 31 32 0
e 31 82 0
e 32 81 0
e 33 80 0
e 33 85 0
e 34 79 0
e 34 80 0
e 35 36 0
e 35 79 0
e 36 37 0
e 36 78 0
e 37 38 0
e 37 78 0
e 37 86 0
e 38 39 0
e 38 86 0
e 38 87 0
e 39 40 0
e 39 41 0
e 39 42 0
e 39 87 0
e 40 41 0
e 40 42 0
e 41 42 0
e 43 63 0
e 43 93 0
e 44 45 0
e 44 63 0
e 44 73 0
e 44 93 0
e 45 46 0
e 46 62 0
e 46 72 0
e 46 82 0
e 46 92 0
e 47 48 0
e 47 92 0
e 48 91 0
e 49 90 0
e 49 95 0
e 50 89 0
e 50 90 0
e 51 52 0
e 51 89 0
e 52 88 0
e 53 58 0
e 53 68 0
e 53 88 0
e 53 96 0
e 54 66 0
e 54 76 0
e 54 86 0
e 54 96 0
e 54 97 0
e 55 56 0
e 55 57 0
e 55 67 0
e 55 77 0
e 55 87 0
e 55 97 0
e 56 57 0
e 56 67 0
e 56 77 0
e 61 64 0
e 64 65 0
e 67 97 0
e 71 74 0
e 74 75 0
e 77 97 0
e 81 84 0
e 84 85 0
e 87 97 0
e 91 94 0
e 94 95 0
t # 27
v 0 0
v 1 0
v 2 0
v 3 0
v 4 0
v 5 0
v 6 0
v 7 0
v 8 0
v 9 0
v 10 0
v 11 0
v 12 0
v 13 0
v 14 0
v 15 0
v 16 0
v 17 0
v 18 0
v 19 0
v 20 0
v 21 0
v 22 0
v 23 0
v 24 0
v 25 1
v 26 1
v 27 1
v 28 1
v 29 1
v 30 1
v 31 1
v 32 1
v 33 1
v 34 1
v 35 1
v 36 1
v 37 1
v 38 1
e 0 1 0
e 0 13 0
e 1 2 0
e 1 12 0
e 1 14 0
e 1 25 0
e 1 26 0
e 2 13 0
e 2 25 0
e 2 28 0
e 3 4 0
e 3 16 0
e 3 28 0
e 4 15 0
e 4 29 0
e 5 6 0
e 5 18 0
e 5 29 0
e 6 7 0
e 6 17 0
e 6 19 0
e 7 20 0
e 7 21 0
e 7 30 0
e 8 9 0
e 8 19 0
e 8 22 0
e 8 30 0
e 9 10 0
e 9 23 0
e 10 11 0
e 10 22 0
e 10 24 0
e 10 31 0
e 11 23 0
e 11 24 0
e 11 31 0
e 12 13 0
e 12 33 0
e 12 34 0
e 13 14 0
e 13 32 0
e 13 33 0
e 14 32 0
e 14 35 0
e 15 16 0
e 15 35 0
e 16 36 0
e 17 18 0
e 17 36 0
e 18 19 0
e 19 37 0
e 20 21 0
e 20 22 0
e 20 37 0
e 21 22 0
e 22 23 0
e 23 24 0
e 23 38 0
e 24 38 0
e 25 26 0
e 25 28 0
e 25 33 0
e 25 35 0
e 26 27 0
e 26 32 0
e 26 34 0
e 27 33 0
e 28 32 0
e 29 30 0
e 29 37 0
e 30 31 0
e 30 36 0
e 30 38 0
e 31 37 0
e 31 38 0
e 32 33 0
e 32 35 0
e 33 34 0
e 36 37 0
e 37 38 0
t # 28
v 0 0
v 1 0
v 2 0
v 3 0
v 4 0
v 5 0
v 6 0
v 7 0
v 8 0
v 9 0
v 10 0
v 11 0
v 12 0
v 13 0
v 14 0
v 15 0
v 16 0
v 17 0
v 18 0
v 19 0
v 20 0
v 21 0
v 22 0
v 23 0
v 24 0
v 25 0
v 26 0
v 27 0
v 28 0
v 29 0
v 30 0
v 31 0
v 32 0
v 33 0
v 34 0
v 35 1
v 36 1
v 37 1
v 38 1
v 39 1
v 40 1
v 41 1
v 42 1
v 43 1
v 44 1
v 45 1
v 46 1
v 47 1
v 48 1
v 49 1
v 50 1
v 51 1
v 52 1
e 0 1 0
e 0 2 0
e 1 2 0
e 1 17 0
e 1 20 0
e 1 45 0
e 1 48 0
e 2 3 0
e 2 19 0
e 2 21 0
e 2 44 0
e 2 45 0
e 3 20 0
e 3 44 0
e 3 46 0
e 4 5 0
e 4 23 0
e 4 46 0
e 5 6 0
e 5 22 0
e 5 24 0
e 5 25 0
e 5 26 0
e 6 7 0
e 6 8 0
e 7 8 0
e 7 24 0
e 8 9 0
e 8 23 0
e 9 10 0
e 9 28 0
e 9 47 0
e 10 11 0
e 10 29 0
e 10 47 0
e 10 49 0
e 11 12 0
e 11 28 0
e 11 49 0
e 12 13 0
e 12 14 0
e 12 52 0
e 13 14 0
e 13 15 0
e 13 16 0
e 13 52 0
e 14 15 0
e 14 16 0
e 15 16 0
e 16 51 0
e 17 18 0
e 17 19 0
e 17 39 0
e 17 48 0
e 18 19 0
e 18 20 0
e 19 20 0
e 19 42 0
e 20 21 0
e 20 42 0
e 20 43 0
e 21 41 0
e 21 43 0
e 22 23 0
e 22 24 0
e 22 41 0
e 23 24 0
e 24 25 0
e 24 26 0
e 25 26 0
e 26 27 0
e 27 40 0
e 27 47 0
e 28 29 0
e 28 38 0
e 28 40 0
e 29 30 0
e 29 38 0
e 30 31 0
e 30 35 0
e 30 52 0
e 31 32 0
e 31 33 0
e 31 35 0
e 32 33 0
e 32 34 0
e 32 35 0
e 32 52 0
e 33 34 0
e 34 36 0
e 35 52 0
e 36 37 0
e 36 50 0
e 36 51 0
e 37 50 0
e 37 51 0
e 38 40 0
e 38 49 0
e 39 42 0
e 39 48 0
e 40 47 0
e 40 49 0
e 41 43 0
e 41 46 0
e 42 44 0
e 42 45 0
e 42 48 0
e 43 44 0
e 43 45 0
e 43 46 0
e 44 45 0
e 44 46 0
e 47 49 0
e 50 51 0