t # 0
v 1 0
v 2 0
v 3 0
v 4 0
v 5 0
v 6 0
v 7 0
v 8 0
v 9 0
v 10 0
v 11 0
v 12 0
v 13 0
v 14 0
v 15 1
v 16 2
v 17 2
e 2 1 0
e 1 2 0
e 3 2 0
e 2 3 0
e 4 3 0
e 3 4 0
e 5 4 0
e 4 5 0
e 6 5 0
e 5 6 0
e 6 1 0
e 1 6 0
e 7 5 0
e 5 7 0
e 8 7 0
e 7 8 0
e 9 8 0
e 8 9 0
e 10 9 0
e 9 10 0
e 10 4 0
e 4 10 0
e 11 10 0
e 10 11 0
e 12 11 0
e 11 12 0
e 13 12 0
e 12 13 0
e 14 13 0
e 13 14 0
e 14 9 0
e 9 14 0
e 15 13 1
e 13 15 1
e 16 15 2
e 15 16 2
e 17 15 1
e 15 17 1
t # 1
v 18 0
v 19 0
v 20 0
v 21 0
v 22 0
v 23 0
v 24 1
v 25 0
v 26 0
v 27 0
v 28 1
v 29 2
v 30 2
e 19 18 0
e 18 19 0
e 20 19 0
e 19 20 0
e 21 20 0
e 20 21 0
e 22 21 0
e 21 22 0
e 23 22 0
e 22 23 0
e 24 23 0
e 23 24 0
e 25 24 0
e 24 25 0
e 25 20 0
e 20 25 0
e 26 25 0
e 25 26 0
e 27 26 0
e 26 27 0
e 27 18 0
e 18 27 0
e 28 26 1
e 26 28 1
e 29 28 2
e 28 29 2
e 30 28 1
e 28 30 1
t # 2
v 31 0
v 32 0
v 33 0
v 34 0
v 35 0
v 36 0
v 37 0
v 38 1
v 39 0
v 40 0
v 41 1
v 42 2
v 43 2
e 32 31 0
e 31 32 0
e 33 32 0
e 32 33 0
e 34 33 0
e 33 34 0
e 35 34 0
e 34 35 0
e 36 35 0
e 35 36 0
e 37 36 0
e 36 37 0
e 38 37 0
e 37 38 0
e 38 33 0
e 33 38 0
e 39 34 0
e 34 39 0
e 40 39 0
e 39 40 0
e 40 31 0
e 31 40 0
e 41 39 1
e 39 41 1
e 42 41 2
e 41 42 2
e 43 41 1
e 41 43 1
t # 3
v 44 0
v 45 0
v 46 0
v 47 0
v 48 0
v 49 0
v 50 0
v 51 0
v 52 0
v 53 0
v 54 0
v 55 0
v 56 0
v 57 0
v 58 0
v 59 0
v 60 1
v 61 2
v 62 2
e 45 44 0
e 44 45 0
e 46 45 0
e 45 46 0
e 47 46 0
e 46 47 0
e 48 47 0
e 47 48 0
e 49 48 0
e 48 49 0
e 49 44 0
e 44 49 0
e 50 48 1
e 48 50 1
e 51 50 0
e 50 51 0
e 52 51 0
e 51 52 0
e 53 52 0
e 52 53 0
e 54 53 0
e 53 54 0
e 55 54 0
e 54 55 0
e 55 50 0
e 50 55 0
e 56 55 0
e 55 56 0
e 56 47 1
e 47 56 1
e 57 56 0
e 56 57 0
e 58 57 0
e 57 58 0
e 59 58 0
e 58 59 0
e 59 54 0
e 54 59 0
e 60 57 1
e 57 60 1
e 61 60 2
e 60 61 2
e 62 60 1
e 60 62 1
t # 5
v 74 0
v 75 0
v 76 0
v 77 0
v 78 0
v 79 0
v 80 0
v 81 0
v 82 0
v 83 0
v 84 0
v 85 0
v 86 0
v 87 0
v 88 0
v 89 0
v 90 1
v 91 2
v 92 2
v 93 1
v 94 2
v 95 2
v 96 1
v 97 2
v 98 2
v 99 1
v 100 2
v 101 2
e 75 74 0
e 74 75 0
e 76 75 0
e 75 76 0
e 77 76 0
e 76 77 0
e 78 77 0
e 77 78 0
e 79 78 0
e 78 79 0
e 80 79 0
e 79 80 0
e 81 80 0
e 80 81 0
e 81 76 0
e 76 81 0
e 82 81 0
e 81 82 0
e 83 82 0
e 82 83 0
e 83 74 0
e 74 83 0
e 84 83 0
e 83 84 0
e 85 84 0
e 84 85 0
e 86 85 0
e 85 86 0
e 87 86 0
e 86 87 0
e 87 82 0
e 82 87 0
e 88 87 0
e 87 88 0
e 89 88 0
e 88 89 0
e 89 80 0
e 80 89 0
e 90 86 1
e 86 90 1
e 91 90 2
e 90 91 2
e 92 90 1
e 90 92 1
e 93 84 1
e 84 93 1
e 94 93 2
e 93 94 2
e 95 93 1
e 93 95 1
e 96 79 1
e 79 96 1
e 97 96 2
e 96 97 2
e 98 96 1
e 96 98 1
e 99 77 1
e 77 99 1
e 100 99 2
e 99 100 2
e 101 99 1
e 99 101 1
t # 6
v 102 0
v 103 0
v 104 0
v 105 0
v 106 0
v 107 0
v 108 0
v 109 1
v 110 2
v 111 2
v 112 0
v 113 0
v 114 0
v 115 0
v 116 0
v 117 0
e 103 102 1
e 102 103 1
e 104 103 0
e 103 104 0
e 105 104 0
e 104 105 0
e 106 105 0
e 105 106 0
e 107 106 0
e 106 107 0
e 108 107 0
e 107 108 0
e 108 103 0
e 103 108 0
e 109 108 1
e 108 109 1
e 110 109 2
e 109 110 2
e 111 109 1
e 109 111 1
e 112 105 1
e 105 112 1
e 113 112 0
e 112 113 0
e 114 113 0
e 113 114 0
e 115 114 0
e 114 115 0
e 116 115 0
e 115 116 0
e 117 116 0
e 116 117 0
e 117 112 0
e 112 117 0
t # 7
v 118 0
v 119 0
v 120 2
v 121 2
v 122 0
v 123 0
v 124 0
v 125 0
v 126 0
v 127 0
v 128 0
v 129 0
v 130 0
v 131 0
v 132 0
v 133 0
v 134 0
v 135 1
v 136 2
v 137 2
e 119 118 1
e 118 119 1
e 120 119 2
e 119 120 2
e 121 119 1
e 119 121 1
e 122 121 1
e 121 122 1
e 123 122 0
e 122 123 0
e 124 123 0
e 123 124 0
e 125 124 0
e 124 125 0
e 126 125 0
e 125 126 0
e 127 126 0
e 126 127 0
e 127 122 0
e 122 127 0
e 128 126 1
e 126 128 1
e 129 128 1
e 128 129 1
e 130 129 0
e 129 130 0
e 130 125 1
e 125 130 1
e 131 130 0
e 130 131 0
e 132 131 0
e 131 132 0
e 133 132 0
e 132 133 0
e 134 133 0
e 133 134 0
e 134 129 0
e 129 134 0
e 135 133 1
e 133 135 1
e 136 135 2
e 135 136 2
e 137 135 1
e 135 137 1
t # 8
v 138 0
v 139 0
v 140 0
v 141 1
v 142 0
v 143 1
v 144 0
v 145 0
v 146 0
v 147 1
v 148 2
v 149 2
e 139 138 2
e 138 139 2
e 140 139 1
e 139 140 1
e 141 140 2
e 140 141 2
e 142 141 1
e 141 142 1
e 143 142 2
e 142 143 2
e 144 143 1
e 143 144 1
e 144 140 1
e 140 144 1
e 145 144 1
e 144 145 1
e 146 145 2
e 145 146 2
e 146 138 1
e 138 146 1
e 147 146 1
e 146 147 1
e 148 147 2
e 147 148 2
e 149 147 1
e 147 149 1
t # 9
v 150 0
v 151 0
v 152 0
v 153 0
v 154 0
v 155 0
v 156 0
v 157 0
v 158 0
v 159 0
v 160 0
v 161 0
v 162 0
v 163 0
v 164 1
v 165 2
v 166 2
e 151 150 1
e 150 151 1
e 152 151 0
e 151 152 0
e 153 152 0
e 152 153 0
e 154 153 0
e 153 154 0
e 155 154 0
e 154 155 0
e 156 155 0
e 155 156 0
e 156 151 0
e 151 156 0
e 157 155 1
e 155 157 1
e 158 157 1
e 157 158 1
e 159 158 0
e 158 159 0
e 159 154 1
e 154 159 1
e 160 159 0
e 159 160 0
e 161 160 0
e 160 161 0
e 162 161 0
e 161 162 0
e 163 162 0
e 162 163 0
e 163 158 0
e 158 163 0
e 164 162 1
e 162 164 1
e 165 164 2
e 164 165 2
e 166 164 1
e 164 166 1
t # 10
v 167 0
v 168 0
v 169 0
v 170 0
v 171 0
v 172 0
v 173 0
v 174 0
v 175 0
v 176 0
v 177 0
v 178 0
v 179 0
v 180 0
v 181 1
v 182 2
v 183 2
e 168 167 0
e 167 168 0
e 169 168 0
e 168 169 0
e 170 169 0
e 169 170 0
e 171 170 0
e 170 171 0
e 172 171 0
e 171 172 0
e 172 167 0
e 167 172 0
e 173 171 0
e 171 173 0
e 174 173 0
e 173 174 0
e 175 174 0
e 174 175 0
e 176 175 0
e 175 176 0
e 176 170 0
e 170 176 0
e 177 176 0
e 176 177 0
e 178 177 0
e 177 178 0
e 179 178 0
e 178 179 0
e 180 179 0
e 179 180 0
e 180 175 0
e 175 180 0
e 181 174 1
e 174 181 1
e 182 181 2
e 181 182 2
e 183 181 1
e 181 183 1